(pc,x,y,z,f)
0:(0,-3,-2,0,-1)
1:(1,1,-2,0,-1)
2:(2,1,1,0,-1)
3:(4,0,0,1,0)
4:(4,0,0,1,1)
5:(4,0,0,2,0)
6:(4,0,0,2,1)
7:(4,0,0,3,0)
8:(4,0,0,3,1)
9:(4,0,1,1,0)
10:(4,0,1,1,1)
11:(4,0,1,2,0)
12:(4,0,1,2,1)
13:(4,0,1,3,0)
14:(4,0,1,3,1)
15:(4,0,2,1,0)
16:(4,0,2,1,1)
17:(4,0,2,2,0)
18:(4,0,2,2,1)
19:(4,0,2,3,0)
20:(4,0,2,3,1)
21:(4,0,3,1,0)
22:(4,0,3,1,1)
23:(4,0,3,2,0)
24:(4,0,3,2,1)
25:(4,0,3,3,0)
26:(4,0,3,3,1)
27:(4,0,4,1,0)
28:(4,0,4,1,1)
29:(4,0,4,2,0)
30:(4,0,4,2,1)
31:(4,0,4,3,0)
32:(4,0,4,3,1)
33:(4,0,5,1,0)
34:(4,0,5,1,1)
35:(4,0,5,2,0)
36:(4,0,5,2,1)
37:(4,0,5,3,0)
38:(4,0,5,3,1)
39:(4,1,0,1,0)
40:(4,1,0,1,1)
41:(4,1,0,2,0)
42:(4,1,0,2,1)
43:(4,1,0,3,0)
44:(4,1,0,3,1)
45:(4,1,1,0,0)
46:(4,1,1,0,1)
47:(4,1,1,1,0)
48:(4,1,1,1,1)
49:(4,1,1,2,0)
50:(4,1,1,2,1)
51:(4,1,1,3,0)
52:(4,1,1,3,1)
53:(4,1,2,1,0)
54:(4,1,2,1,1)
55:(4,1,2,2,0)
56:(4,1,2,2,1)
57:(4,1,2,3,0)
58:(4,1,2,3,1)
59:(4,1,3,1,0)
60:(4,1,3,1,1)
61:(4,1,3,2,0)
62:(4,1,3,2,1)
63:(4,1,3,3,0)
64:(4,1,3,3,1)
65:(4,1,4,1,0)
66:(4,1,4,1,1)
67:(4,1,4,2,0)
68:(4,1,4,2,1)
69:(4,1,4,3,0)
70:(4,1,4,3,1)
71:(4,1,5,1,0)
72:(4,1,5,1,1)
73:(4,1,5,2,0)
74:(4,1,5,2,1)
75:(4,1,5,3,0)
76:(4,1,5,3,1)
77:(4,2,0,1,0)
78:(4,2,0,1,1)
79:(4,2,0,2,0)
80:(4,2,0,2,1)
81:(4,2,0,3,0)
82:(4,2,0,3,1)
83:(4,2,1,1,0)
84:(4,2,1,1,1)
85:(4,2,1,2,0)
86:(4,2,1,2,1)
87:(4,2,1,3,0)
88:(4,2,1,3,1)
89:(4,2,2,1,0)
90:(4,2,2,1,1)
91:(4,2,2,2,0)
92:(4,2,2,2,1)
93:(4,2,2,3,0)
94:(4,2,2,3,1)
95:(4,2,3,1,0)
96:(4,2,3,1,1)
97:(4,2,3,2,0)
98:(4,2,3,2,1)
99:(4,2,3,3,0)
100:(4,2,3,3,1)
101:(4,2,4,1,0)
102:(4,2,4,1,1)
103:(4,2,4,2,0)
104:(4,2,4,2,1)
105:(4,2,4,3,0)
106:(4,2,4,3,1)
107:(4,2,5,1,0)
108:(4,2,5,1,1)
109:(4,2,5,2,0)
110:(4,2,5,2,1)
111:(4,2,5,3,0)
112:(4,2,5,3,1)
113:(4,3,0,1,0)
114:(4,3,0,1,1)
115:(4,3,0,2,0)
116:(4,3,0,2,1)
117:(4,3,0,3,0)
118:(4,3,0,3,1)
119:(4,3,1,1,0)
120:(4,3,1,1,1)
121:(4,3,1,2,0)
122:(4,3,1,2,1)
123:(4,3,1,3,0)
124:(4,3,1,3,1)
125:(4,3,2,1,0)
126:(4,3,2,1,1)
127:(4,3,2,2,0)
128:(4,3,2,2,1)
129:(4,3,2,3,0)
130:(4,3,2,3,1)
131:(4,3,3,1,0)
132:(4,3,3,1,1)
133:(4,3,3,2,0)
134:(4,3,3,2,1)
135:(4,3,3,3,0)
136:(4,3,3,3,1)
137:(4,3,4,1,0)
138:(4,3,4,1,1)
139:(4,3,4,2,0)
140:(4,3,4,2,1)
141:(4,3,4,3,0)
142:(4,3,4,3,1)
143:(4,3,5,1,0)
144:(4,3,5,1,1)
145:(4,3,5,2,0)
146:(4,3,5,2,1)
147:(4,3,5,3,0)
148:(4,3,5,3,1)
149:(4,4,0,1,0)
150:(4,4,0,1,1)
151:(4,4,0,2,0)
152:(4,4,0,2,1)
153:(4,4,0,3,0)
154:(4,4,0,3,1)
155:(4,4,1,1,0)
156:(4,4,1,1,1)
157:(4,4,1,2,0)
158:(4,4,1,2,1)
159:(4,4,1,3,0)
160:(4,4,1,3,1)
161:(4,4,2,1,0)
162:(4,4,2,1,1)
163:(4,4,2,2,0)
164:(4,4,2,2,1)
165:(4,4,2,3,0)
166:(4,4,2,3,1)
167:(4,4,3,1,0)
168:(4,4,3,1,1)
169:(4,4,3,2,0)
170:(4,4,3,2,1)
171:(4,4,3,3,0)
172:(4,4,3,3,1)
173:(4,4,4,1,0)
174:(4,4,4,1,1)
175:(4,4,4,2,0)
176:(4,4,4,2,1)
177:(4,4,4,3,0)
178:(4,4,4,3,1)
179:(4,4,5,1,0)
180:(4,4,5,1,1)
181:(4,4,5,2,0)
182:(4,4,5,2,1)
183:(4,4,5,3,0)
184:(4,4,5,3,1)
185:(4,5,0,1,0)
186:(4,5,0,1,1)
187:(4,5,0,2,0)
188:(4,5,0,2,1)
189:(4,5,0,3,0)
190:(4,5,0,3,1)
191:(4,5,1,1,0)
192:(4,5,1,1,1)
193:(4,5,1,2,0)
194:(4,5,1,2,1)
195:(4,5,1,3,0)
196:(4,5,1,3,1)
197:(4,5,2,1,0)
198:(4,5,2,1,1)
199:(4,5,2,2,0)
200:(4,5,2,2,1)
201:(4,5,2,3,0)
202:(4,5,2,3,1)
203:(4,5,3,1,0)
204:(4,5,3,1,1)
205:(4,5,3,2,0)
206:(4,5,3,2,1)
207:(4,5,3,3,0)
208:(4,5,3,3,1)
209:(4,5,4,1,0)
210:(4,5,4,1,1)
211:(4,5,4,2,0)
212:(4,5,4,2,1)
213:(4,5,4,3,0)
214:(4,5,4,3,1)
215:(4,5,5,1,0)
216:(4,5,5,1,1)
217:(4,5,5,2,0)
218:(4,5,5,2,1)
219:(4,5,5,3,0)
220:(4,5,5,3,1)
221:(6,0,0,1,1)
222:(6,0,0,2,1)
223:(6,0,0,3,1)
224:(6,0,1,1,1)
225:(6,0,1,2,1)
226:(6,0,1,3,1)
227:(6,0,2,1,1)
228:(6,0,2,2,1)
229:(6,0,2,3,1)
230:(6,0,3,1,1)
231:(6,0,3,2,1)
232:(6,0,3,3,1)
233:(6,0,4,1,1)
234:(6,0,4,2,1)
235:(6,0,4,3,1)
236:(6,0,5,1,1)
237:(6,0,5,2,1)
238:(6,0,5,3,1)
239:(6,1,0,1,1)
240:(6,1,0,2,1)
241:(6,1,0,3,1)
242:(6,1,1,1,1)
243:(6,1,1,2,1)
244:(6,1,1,3,1)
245:(6,1,2,1,1)
246:(6,1,2,2,1)
247:(6,1,2,3,1)
248:(6,1,3,1,1)
249:(6,1,3,2,1)
250:(6,1,3,3,1)
251:(6,1,4,1,1)
252:(6,1,4,2,1)
253:(6,1,4,3,1)
254:(6,1,5,1,1)
255:(6,1,5,2,1)
256:(6,1,5,3,1)
257:(6,2,0,1,1)
258:(6,2,0,2,1)
259:(6,2,0,3,1)
260:(6,2,1,1,1)
261:(6,2,1,2,1)
262:(6,2,1,3,1)
263:(6,2,2,1,1)
264:(6,2,2,2,1)
265:(6,2,2,3,1)
266:(6,2,3,1,1)
267:(6,2,3,2,1)
268:(6,2,3,3,1)
269:(6,2,4,1,1)
270:(6,2,4,2,1)
271:(6,2,4,3,1)
272:(6,2,5,1,1)
273:(6,2,5,2,1)
274:(6,2,5,3,1)
275:(6,3,0,1,1)
276:(6,3,0,2,1)
277:(6,3,0,3,1)
278:(6,3,1,1,1)
279:(6,3,1,2,1)
280:(6,3,1,3,1)
281:(6,3,2,1,1)
282:(6,3,2,2,1)
283:(6,3,2,3,1)
284:(6,3,3,1,1)
285:(6,3,3,2,1)
286:(6,3,3,3,1)
287:(6,3,4,1,1)
288:(6,3,4,2,1)
289:(6,3,4,3,1)
290:(6,3,5,1,1)
291:(6,3,5,2,1)
292:(6,3,5,3,1)
293:(6,4,0,1,1)
294:(6,4,0,2,1)
295:(6,4,0,3,1)
296:(6,4,1,1,1)
297:(6,4,1,2,1)
298:(6,4,1,3,1)
299:(6,4,2,1,1)
300:(6,4,2,2,1)
301:(6,4,2,3,1)
302:(6,4,3,1,1)
303:(6,4,3,2,1)
304:(6,4,3,3,1)
305:(6,4,4,1,1)
306:(6,4,4,2,1)
307:(6,4,4,3,1)
308:(6,4,5,1,1)
309:(6,4,5,2,1)
310:(6,4,5,3,1)
311:(6,5,0,1,1)
312:(6,5,0,2,1)
313:(6,5,0,3,1)
314:(6,5,1,1,1)
315:(6,5,1,2,1)
316:(6,5,1,3,1)
317:(6,5,2,1,1)
318:(6,5,2,2,1)
319:(6,5,2,3,1)
320:(6,5,3,1,1)
321:(6,5,3,2,1)
322:(6,5,3,3,1)
323:(6,5,4,1,1)
324:(6,5,4,2,1)
325:(6,5,4,3,1)
326:(6,5,5,1,1)
327:(6,5,5,2,1)
328:(6,5,5,3,1)
329:(7,1,0,1,1)
330:(7,1,1,1,1)
331:(7,1,2,1,1)
332:(7,1,3,1,1)
333:(7,1,4,1,1)
334:(7,1,5,1,1)
335:(7,2,0,1,1)
336:(7,2,0,2,1)
337:(7,2,1,1,1)
338:(7,2,1,2,1)
339:(7,2,2,1,1)
340:(7,2,2,2,1)
341:(7,2,3,1,1)
342:(7,2,3,2,1)
343:(7,2,4,1,1)
344:(7,2,4,2,1)
345:(7,2,5,1,1)
346:(7,2,5,2,1)
347:(7,3,0,1,1)
348:(7,3,0,2,1)
349:(7,3,0,3,1)
350:(7,3,1,1,1)
351:(7,3,1,2,1)
352:(7,3,1,3,1)
353:(7,3,2,1,1)
354:(7,3,2,2,1)
355:(7,3,2,3,1)
356:(7,3,3,1,1)
357:(7,3,3,2,1)
358:(7,3,3,3,1)
359:(7,3,4,1,1)
360:(7,3,4,2,1)
361:(7,3,4,3,1)
362:(7,3,5,1,1)
363:(7,3,5,2,1)
364:(7,3,5,3,1)
365:(7,4,0,1,1)
366:(7,4,0,2,1)
367:(7,4,0,3,1)
368:(7,4,1,1,1)
369:(7,4,1,2,1)
370:(7,4,1,3,1)
371:(7,4,2,1,1)
372:(7,4,2,2,1)
373:(7,4,2,3,1)
374:(7,4,3,1,1)
375:(7,4,3,2,1)
376:(7,4,3,3,1)
377:(7,4,4,1,1)
378:(7,4,4,2,1)
379:(7,4,4,3,1)
380:(7,4,5,1,1)
381:(7,4,5,2,1)
382:(7,4,5,3,1)
383:(7,5,0,1,1)
384:(7,5,0,2,1)
385:(7,5,0,3,1)
386:(7,5,1,1,1)
387:(7,5,1,2,1)
388:(7,5,1,3,1)
389:(7,5,2,1,1)
390:(7,5,2,2,1)
391:(7,5,2,3,1)
392:(7,5,3,1,1)
393:(7,5,3,2,1)
394:(7,5,3,3,1)
395:(7,5,4,1,1)
396:(7,5,4,2,1)
397:(7,5,4,3,1)
398:(7,5,5,1,1)
399:(7,5,5,2,1)
400:(7,5,5,3,1)
401:(7,6,0,1,1)
402:(7,6,0,2,1)
403:(7,6,0,3,1)
404:(7,6,1,1,1)
405:(7,6,1,2,1)
406:(7,6,1,3,1)
407:(7,6,2,1,1)
408:(7,6,2,2,1)
409:(7,6,2,3,1)
410:(7,6,3,1,1)
411:(7,6,3,2,1)
412:(7,6,3,3,1)
413:(7,6,4,1,1)
414:(7,6,4,2,1)
415:(7,6,4,3,1)
416:(7,6,5,1,1)
417:(7,6,5,2,1)
418:(7,6,5,3,1)
419:(7,7,0,2,1)
420:(7,7,0,3,1)
421:(7,7,1,2,1)
422:(7,7,1,3,1)
423:(7,7,2,2,1)
424:(7,7,2,3,1)
425:(7,7,3,2,1)
426:(7,7,3,3,1)
427:(7,7,4,2,1)
428:(7,7,4,3,1)
429:(7,7,5,2,1)
430:(7,7,5,3,1)
431:(7,8,0,3,1)
432:(7,8,1,3,1)
433:(7,8,2,3,1)
434:(7,8,3,3,1)
435:(7,8,4,3,1)
436:(7,8,5,3,1)
437:(8,-2,0,1,0)
438:(8,-2,0,2,0)
439:(8,-2,0,3,0)
440:(8,-2,1,1,0)
441:(8,-2,1,2,0)
442:(8,-2,1,3,0)
443:(8,-2,2,1,0)
444:(8,-2,2,2,0)
445:(8,-2,2,3,0)
446:(8,-2,3,1,0)
447:(8,-2,3,2,0)
448:(8,-2,3,3,0)
449:(8,-2,4,1,0)
450:(8,-2,4,2,0)
451:(8,-2,4,3,0)
452:(8,-2,5,1,0)
453:(8,-2,5,2,0)
454:(8,-2,5,3,0)
455:(8,-1,0,1,0)
456:(8,-1,0,2,0)
457:(8,-1,0,3,0)
458:(8,-1,1,0,0)
459:(8,-1,1,1,0)
460:(8,-1,1,2,0)
461:(8,-1,1,3,0)
462:(8,-1,2,1,0)
463:(8,-1,2,2,0)
464:(8,-1,2,3,0)
465:(8,-1,3,1,0)
466:(8,-1,3,2,0)
467:(8,-1,3,3,0)
468:(8,-1,4,1,0)
469:(8,-1,4,2,0)
470:(8,-1,4,3,0)
471:(8,-1,5,1,0)
472:(8,-1,5,2,0)
473:(8,-1,5,3,0)
474:(8,0,0,1,0)
475:(8,0,0,2,0)
476:(8,0,0,3,0)
477:(8,0,1,1,0)
478:(8,0,1,2,0)
479:(8,0,1,3,0)
480:(8,0,2,1,0)
481:(8,0,2,2,0)
482:(8,0,2,3,0)
483:(8,0,3,1,0)
484:(8,0,3,2,0)
485:(8,0,3,3,0)
486:(8,0,4,1,0)
487:(8,0,4,2,0)
488:(8,0,4,3,0)
489:(8,0,5,1,0)
490:(8,0,5,2,0)
491:(8,0,5,3,0)
492:(8,1,0,1,0)
493:(8,1,0,2,0)
494:(8,1,0,3,0)
495:(8,1,1,1,0)
496:(8,1,1,2,0)
497:(8,1,1,3,0)
498:(8,1,2,1,0)
499:(8,1,2,2,0)
500:(8,1,2,3,0)
501:(8,1,3,1,0)
502:(8,1,3,2,0)
503:(8,1,3,3,0)
504:(8,1,4,1,0)
505:(8,1,4,2,0)
506:(8,1,4,3,0)
507:(8,1,5,1,0)
508:(8,1,5,2,0)
509:(8,1,5,3,0)
510:(8,2,0,1,0)
511:(8,2,0,2,0)
512:(8,2,0,3,0)
513:(8,2,1,1,0)
514:(8,2,1,2,0)
515:(8,2,1,3,0)
516:(8,2,2,1,0)
517:(8,2,2,2,0)
518:(8,2,2,3,0)
519:(8,2,3,1,0)
520:(8,2,3,2,0)
521:(8,2,3,3,0)
522:(8,2,4,1,0)
523:(8,2,4,2,0)
524:(8,2,4,3,0)
525:(8,2,5,1,0)
526:(8,2,5,2,0)
527:(8,2,5,3,0)
528:(8,3,0,1,0)
529:(8,3,0,2,0)
530:(8,3,0,3,0)
531:(8,3,1,1,0)
532:(8,3,1,2,0)
533:(8,3,1,3,0)
534:(8,3,2,1,0)
535:(8,3,2,2,0)
536:(8,3,2,3,0)
537:(8,3,3,1,0)
538:(8,3,3,2,0)
539:(8,3,3,3,0)
540:(8,3,4,1,0)
541:(8,3,4,2,0)
542:(8,3,4,3,0)
543:(8,3,5,1,0)
544:(8,3,5,2,0)
545:(8,3,5,3,0)
546:(9,-2,0,1,0)
547:(9,-2,0,1,1)
548:(9,-2,0,2,0)
549:(9,-2,0,2,1)
550:(9,-2,0,3,0)
551:(9,-2,0,3,1)
552:(9,-2,1,1,0)
553:(9,-2,1,1,1)
554:(9,-2,1,2,0)
555:(9,-2,1,2,1)
556:(9,-2,1,3,0)
557:(9,-2,1,3,1)
558:(9,-2,2,1,0)
559:(9,-2,2,1,1)
560:(9,-2,2,2,0)
561:(9,-2,2,2,1)
562:(9,-2,2,3,0)
563:(9,-2,2,3,1)
564:(9,-2,3,1,0)
565:(9,-2,3,1,1)
566:(9,-2,3,2,0)
567:(9,-2,3,2,1)
568:(9,-2,3,3,0)
569:(9,-2,3,3,1)
570:(9,-2,4,1,0)
571:(9,-2,4,1,1)
572:(9,-2,4,2,0)
573:(9,-2,4,2,1)
574:(9,-2,4,3,0)
575:(9,-2,4,3,1)
576:(9,-2,5,1,0)
577:(9,-2,5,1,1)
578:(9,-2,5,2,0)
579:(9,-2,5,2,1)
580:(9,-2,5,3,0)
581:(9,-2,5,3,1)
582:(9,-1,0,1,0)
583:(9,-1,0,1,1)
584:(9,-1,0,2,0)
585:(9,-1,0,2,1)
586:(9,-1,0,3,0)
587:(9,-1,0,3,1)
588:(9,-1,1,0,0)
589:(9,-1,1,0,1)
590:(9,-1,1,1,0)
591:(9,-1,1,1,1)
592:(9,-1,1,2,0)
593:(9,-1,1,2,1)
594:(9,-1,1,3,0)
595:(9,-1,1,3,1)
596:(9,-1,2,1,0)
597:(9,-1,2,1,1)
598:(9,-1,2,2,0)
599:(9,-1,2,2,1)
600:(9,-1,2,3,0)
601:(9,-1,2,3,1)
602:(9,-1,3,1,0)
603:(9,-1,3,1,1)
604:(9,-1,3,2,0)
605:(9,-1,3,2,1)
606:(9,-1,3,3,0)
607:(9,-1,3,3,1)
608:(9,-1,4,1,0)
609:(9,-1,4,1,1)
610:(9,-1,4,2,0)
611:(9,-1,4,2,1)
612:(9,-1,4,3,0)
613:(9,-1,4,3,1)
614:(9,-1,5,1,0)
615:(9,-1,5,1,1)
616:(9,-1,5,2,0)
617:(9,-1,5,2,1)
618:(9,-1,5,3,0)
619:(9,-1,5,3,1)
620:(9,0,0,1,0)
621:(9,0,0,1,1)
622:(9,0,0,2,0)
623:(9,0,0,2,1)
624:(9,0,0,3,0)
625:(9,0,0,3,1)
626:(9,0,1,1,0)
627:(9,0,1,1,1)
628:(9,0,1,2,0)
629:(9,0,1,2,1)
630:(9,0,1,3,0)
631:(9,0,1,3,1)
632:(9,0,2,1,0)
633:(9,0,2,1,1)
634:(9,0,2,2,0)
635:(9,0,2,2,1)
636:(9,0,2,3,0)
637:(9,0,2,3,1)
638:(9,0,3,1,0)
639:(9,0,3,1,1)
640:(9,0,3,2,0)
641:(9,0,3,2,1)
642:(9,0,3,3,0)
643:(9,0,3,3,1)
644:(9,0,4,1,0)
645:(9,0,4,1,1)
646:(9,0,4,2,0)
647:(9,0,4,2,1)
648:(9,0,4,3,0)
649:(9,0,4,3,1)
650:(9,0,5,1,0)
651:(9,0,5,1,1)
652:(9,0,5,2,0)
653:(9,0,5,2,1)
654:(9,0,5,3,0)
655:(9,0,5,3,1)
656:(9,1,0,1,0)
657:(9,1,0,1,1)
658:(9,1,0,2,0)
659:(9,1,0,2,1)
660:(9,1,0,3,0)
661:(9,1,0,3,1)
662:(9,1,1,1,0)
663:(9,1,1,1,1)
664:(9,1,1,2,0)
665:(9,1,1,2,1)
666:(9,1,1,3,0)
667:(9,1,1,3,1)
668:(9,1,2,1,0)
669:(9,1,2,1,1)
670:(9,1,2,2,0)
671:(9,1,2,2,1)
672:(9,1,2,3,0)
673:(9,1,2,3,1)
674:(9,1,3,1,0)
675:(9,1,3,1,1)
676:(9,1,3,2,0)
677:(9,1,3,2,1)
678:(9,1,3,3,0)
679:(9,1,3,3,1)
680:(9,1,4,1,0)
681:(9,1,4,1,1)
682:(9,1,4,2,0)
683:(9,1,4,2,1)
684:(9,1,4,3,0)
685:(9,1,4,3,1)
686:(9,1,5,1,0)
687:(9,1,5,1,1)
688:(9,1,5,2,0)
689:(9,1,5,2,1)
690:(9,1,5,3,0)
691:(9,1,5,3,1)
692:(9,2,0,1,0)
693:(9,2,0,1,1)
694:(9,2,0,2,0)
695:(9,2,0,2,1)
696:(9,2,0,3,0)
697:(9,2,0,3,1)
698:(9,2,1,1,0)
699:(9,2,1,1,1)
700:(9,2,1,2,0)
701:(9,2,1,2,1)
702:(9,2,1,3,0)
703:(9,2,1,3,1)
704:(9,2,2,1,0)
705:(9,2,2,1,1)
706:(9,2,2,2,0)
707:(9,2,2,2,1)
708:(9,2,2,3,0)
709:(9,2,2,3,1)
710:(9,2,3,1,0)
711:(9,2,3,1,1)
712:(9,2,3,2,0)
713:(9,2,3,2,1)
714:(9,2,3,3,0)
715:(9,2,3,3,1)
716:(9,2,4,1,0)
717:(9,2,4,1,1)
718:(9,2,4,2,0)
719:(9,2,4,2,1)
720:(9,2,4,3,0)
721:(9,2,4,3,1)
722:(9,2,5,1,0)
723:(9,2,5,1,1)
724:(9,2,5,2,0)
725:(9,2,5,2,1)
726:(9,2,5,3,0)
727:(9,2,5,3,1)
728:(9,3,0,1,0)
729:(9,3,0,1,1)
730:(9,3,0,2,0)
731:(9,3,0,2,1)
732:(9,3,0,3,0)
733:(9,3,0,3,1)
734:(9,3,1,1,0)
735:(9,3,1,1,1)
736:(9,3,1,2,0)
737:(9,3,1,2,1)
738:(9,3,1,3,0)
739:(9,3,1,3,1)
740:(9,3,2,1,0)
741:(9,3,2,1,1)
742:(9,3,2,2,0)
743:(9,3,2,2,1)
744:(9,3,2,3,0)
745:(9,3,2,3,1)
746:(9,3,3,1,0)
747:(9,3,3,1,1)
748:(9,3,3,2,0)
749:(9,3,3,2,1)
750:(9,3,3,3,0)
751:(9,3,3,3,1)
752:(9,3,4,1,0)
753:(9,3,4,1,1)
754:(9,3,4,2,0)
755:(9,3,4,2,1)
756:(9,3,4,3,0)
757:(9,3,4,3,1)
758:(9,3,5,1,0)
759:(9,3,5,1,1)
760:(9,3,5,2,0)
761:(9,3,5,2,1)
762:(9,3,5,3,0)
763:(9,3,5,3,1)
764:(9,4,0,1,0)
765:(9,4,0,1,1)
766:(9,4,0,2,0)
767:(9,4,0,2,1)
768:(9,4,0,3,0)
769:(9,4,0,3,1)
770:(9,4,1,1,0)
771:(9,4,1,1,1)
772:(9,4,1,2,0)
773:(9,4,1,2,1)
774:(9,4,1,3,0)
775:(9,4,1,3,1)
776:(9,4,2,1,0)
777:(9,4,2,1,1)
778:(9,4,2,2,0)
779:(9,4,2,2,1)
780:(9,4,2,3,0)
781:(9,4,2,3,1)
782:(9,4,3,1,0)
783:(9,4,3,1,1)
784:(9,4,3,2,0)
785:(9,4,3,2,1)
786:(9,4,3,3,0)
787:(9,4,3,3,1)
788:(9,4,4,1,0)
789:(9,4,4,1,1)
790:(9,4,4,2,0)
791:(9,4,4,2,1)
792:(9,4,4,3,0)
793:(9,4,4,3,1)
794:(9,4,5,1,0)
795:(9,4,5,1,1)
796:(9,4,5,2,0)
797:(9,4,5,2,1)
798:(9,4,5,3,0)
799:(9,4,5,3,1)
800:(9,5,0,1,0)
801:(9,5,0,1,1)
802:(9,5,0,2,0)
803:(9,5,0,2,1)
804:(9,5,0,3,0)
805:(9,5,0,3,1)
806:(9,5,1,1,0)
807:(9,5,1,1,1)
808:(9,5,1,2,0)
809:(9,5,1,2,1)
810:(9,5,1,3,0)
811:(9,5,1,3,1)
812:(9,5,2,1,0)
813:(9,5,2,1,1)
814:(9,5,2,2,0)
815:(9,5,2,2,1)
816:(9,5,2,3,0)
817:(9,5,2,3,1)
818:(9,5,3,1,0)
819:(9,5,3,1,1)
820:(9,5,3,2,0)
821:(9,5,3,2,1)
822:(9,5,3,3,0)
823:(9,5,3,3,1)
824:(9,5,4,1,0)
825:(9,5,4,1,1)
826:(9,5,4,2,0)
827:(9,5,4,2,1)
828:(9,5,4,3,0)
829:(9,5,4,3,1)
830:(9,5,5,1,0)
831:(9,5,5,1,1)
832:(9,5,5,2,0)
833:(9,5,5,2,1)
834:(9,5,5,3,0)
835:(9,5,5,3,1)
836:(9,6,0,1,0)
837:(9,6,0,1,1)
838:(9,6,0,2,0)
839:(9,6,0,2,1)
840:(9,6,0,3,0)
841:(9,6,0,3,1)
842:(9,6,1,1,0)
843:(9,6,1,1,1)
844:(9,6,1,2,0)
845:(9,6,1,2,1)
846:(9,6,1,3,0)
847:(9,6,1,3,1)
848:(9,6,2,1,0)
849:(9,6,2,1,1)
850:(9,6,2,2,0)
851:(9,6,2,2,1)
852:(9,6,2,3,0)
853:(9,6,2,3,1)
854:(9,6,3,1,0)
855:(9,6,3,1,1)
856:(9,6,3,2,0)
857:(9,6,3,2,1)
858:(9,6,3,3,0)
859:(9,6,3,3,1)
860:(9,6,4,1,0)
861:(9,6,4,1,1)
862:(9,6,4,2,0)
863:(9,6,4,2,1)
864:(9,6,4,3,0)
865:(9,6,4,3,1)
866:(9,6,5,1,0)
867:(9,6,5,1,1)
868:(9,6,5,2,0)
869:(9,6,5,2,1)
870:(9,6,5,3,0)
871:(9,6,5,3,1)
872:(9,7,0,2,0)
873:(9,7,0,2,1)
874:(9,7,0,3,0)
875:(9,7,0,3,1)
876:(9,7,1,2,0)
877:(9,7,1,2,1)
878:(9,7,1,3,0)
879:(9,7,1,3,1)
880:(9,7,2,2,0)
881:(9,7,2,2,1)
882:(9,7,2,3,0)
883:(9,7,2,3,1)
884:(9,7,3,2,0)
885:(9,7,3,2,1)
886:(9,7,3,3,0)
887:(9,7,3,3,1)
888:(9,7,4,2,0)
889:(9,7,4,2,1)
890:(9,7,4,3,0)
891:(9,7,4,3,1)
892:(9,7,5,2,0)
893:(9,7,5,2,1)
894:(9,7,5,3,0)
895:(9,7,5,3,1)
896:(9,8,0,3,0)
897:(9,8,0,3,1)
898:(9,8,1,3,0)
899:(9,8,1,3,1)
900:(9,8,2,3,0)
901:(9,8,2,3,1)
902:(9,8,3,3,0)
903:(9,8,3,3,1)
904:(9,8,4,3,0)
905:(9,8,4,3,1)
906:(9,8,5,3,0)
907:(9,8,5,3,1)
908:(11,-2,1,1,1)
909:(11,-2,1,2,1)
910:(11,-2,1,3,1)
911:(11,-2,2,1,1)
912:(11,-2,2,2,1)
913:(11,-2,2,3,1)
914:(11,-2,3,1,1)
915:(11,-2,3,2,1)
916:(11,-2,3,3,1)
917:(11,-2,4,1,1)
918:(11,-2,4,2,1)
919:(11,-2,4,3,1)
920:(11,-2,5,1,1)
921:(11,-2,5,2,1)
922:(11,-2,5,3,1)
923:(11,-2,6,1,1)
924:(11,-2,6,2,1)
925:(11,-2,6,3,1)
926:(11,-1,1,1,1)
927:(11,-1,1,2,1)
928:(11,-1,1,3,1)
929:(11,-1,2,0,1)
930:(11,-1,2,1,1)
931:(11,-1,2,2,1)
932:(11,-1,2,3,1)
933:(11,-1,3,1,1)
934:(11,-1,3,2,1)
935:(11,-1,3,3,1)
936:(11,-1,4,1,1)
937:(11,-1,4,2,1)
938:(11,-1,4,3,1)
939:(11,-1,5,1,1)
940:(11,-1,5,2,1)
941:(11,-1,5,3,1)
942:(11,-1,6,1,1)
943:(11,-1,6,2,1)
944:(11,-1,6,3,1)
945:(11,0,1,1,1)
946:(11,0,1,2,1)
947:(11,0,1,3,1)
948:(11,0,2,1,1)
949:(11,0,2,2,1)
950:(11,0,2,3,1)
951:(11,0,3,1,1)
952:(11,0,3,2,1)
953:(11,0,3,3,1)
954:(11,0,4,1,1)
955:(11,0,4,2,1)
956:(11,0,4,3,1)
957:(11,0,5,1,1)
958:(11,0,5,2,1)
959:(11,0,5,3,1)
960:(11,0,6,1,1)
961:(11,0,6,2,1)
962:(11,0,6,3,1)
963:(11,1,1,1,1)
964:(11,1,1,2,1)
965:(11,1,1,3,1)
966:(11,1,2,1,1)
967:(11,1,2,2,1)
968:(11,1,2,3,1)
969:(11,1,3,1,1)
970:(11,1,3,2,1)
971:(11,1,3,3,1)
972:(11,1,4,1,1)
973:(11,1,4,2,1)
974:(11,1,4,3,1)
975:(11,1,5,1,1)
976:(11,1,5,2,1)
977:(11,1,5,3,1)
978:(11,1,6,1,1)
979:(11,1,6,2,1)
980:(11,1,6,3,1)
981:(11,2,1,1,1)
982:(11,2,1,2,1)
983:(11,2,1,3,1)
984:(11,2,2,1,1)
985:(11,2,2,2,1)
986:(11,2,2,3,1)
987:(11,2,3,1,1)
988:(11,2,3,2,1)
989:(11,2,3,3,1)
990:(11,2,4,1,1)
991:(11,2,4,2,1)
992:(11,2,4,3,1)
993:(11,2,5,1,1)
994:(11,2,5,2,1)
995:(11,2,5,3,1)
996:(11,2,6,1,1)
997:(11,2,6,2,1)
998:(11,2,6,3,1)
999:(11,3,1,1,1)
1000:(11,3,1,2,1)
1001:(11,3,1,3,1)
1002:(11,3,2,1,1)
1003:(11,3,2,2,1)
1004:(11,3,2,3,1)
1005:(11,3,3,1,1)
1006:(11,3,3,2,1)
1007:(11,3,3,3,1)
1008:(11,3,4,1,1)
1009:(11,3,4,2,1)
1010:(11,3,4,3,1)
1011:(11,3,5,1,1)
1012:(11,3,5,2,1)
1013:(11,3,5,3,1)
1014:(11,3,6,1,1)
1015:(11,3,6,2,1)
1016:(11,3,6,3,1)
1017:(11,4,1,1,1)
1018:(11,4,1,2,1)
1019:(11,4,1,3,1)
1020:(11,4,2,1,1)
1021:(11,4,2,2,1)
1022:(11,4,2,3,1)
1023:(11,4,3,1,1)
1024:(11,4,3,2,1)
1025:(11,4,3,3,1)
1026:(11,4,4,1,1)
1027:(11,4,4,2,1)
1028:(11,4,4,3,1)
1029:(11,4,5,1,1)
1030:(11,4,5,2,1)
1031:(11,4,5,3,1)
1032:(11,4,6,1,1)
1033:(11,4,6,2,1)
1034:(11,4,6,3,1)
1035:(11,5,1,1,1)
1036:(11,5,1,2,1)
1037:(11,5,1,3,1)
1038:(11,5,2,1,1)
1039:(11,5,2,2,1)
1040:(11,5,2,3,1)
1041:(11,5,3,1,1)
1042:(11,5,3,2,1)
1043:(11,5,3,3,1)
1044:(11,5,4,1,1)
1045:(11,5,4,2,1)
1046:(11,5,4,3,1)
1047:(11,5,5,1,1)
1048:(11,5,5,2,1)
1049:(11,5,5,3,1)
1050:(11,5,6,1,1)
1051:(11,5,6,2,1)
1052:(11,5,6,3,1)
1053:(11,6,1,1,1)
1054:(11,6,1,2,1)
1055:(11,6,1,3,1)
1056:(11,6,2,1,1)
1057:(11,6,2,2,1)
1058:(11,6,2,3,1)
1059:(11,6,3,1,1)
1060:(11,6,3,2,1)
1061:(11,6,3,3,1)
1062:(11,6,4,1,1)
1063:(11,6,4,2,1)
1064:(11,6,4,3,1)
1065:(11,6,5,1,1)
1066:(11,6,5,2,1)
1067:(11,6,5,3,1)
1068:(11,6,6,1,1)
1069:(11,6,6,2,1)
1070:(11,6,6,3,1)
1071:(11,7,1,2,1)
1072:(11,7,1,3,1)
1073:(11,7,2,2,1)
1074:(11,7,2,3,1)
1075:(11,7,3,2,1)
1076:(11,7,3,3,1)
1077:(11,7,4,2,1)
1078:(11,7,4,3,1)
1079:(11,7,5,2,1)
1080:(11,7,5,3,1)
1081:(11,7,6,2,1)
1082:(11,7,6,3,1)
1083:(11,8,1,3,1)
1084:(11,8,2,3,1)
1085:(11,8,3,3,1)
1086:(11,8,4,3,1)
1087:(11,8,5,3,1)
1088:(11,8,6,3,1)
1089:(12,-2,-1,1,0)
1090:(12,-2,-1,2,0)
1091:(12,-2,-1,3,0)
1092:(12,-2,0,1,0)
1093:(12,-2,0,2,0)
1094:(12,-2,0,3,0)
1095:(12,-2,1,1,0)
1096:(12,-2,1,2,0)
1097:(12,-2,1,3,0)
1098:(12,-2,2,1,0)
1099:(12,-2,2,2,0)
1100:(12,-2,2,3,0)
1101:(12,-2,3,1,0)
1102:(12,-2,3,2,0)
1103:(12,-2,3,3,0)
1104:(12,-2,4,1,0)
1105:(12,-2,4,2,0)
1106:(12,-2,4,3,0)
1107:(12,-1,-1,1,0)
1108:(12,-1,-1,2,0)
1109:(12,-1,-1,3,0)
1110:(12,-1,0,0,0)
1111:(12,-1,0,1,0)
1112:(12,-1,0,2,0)
1113:(12,-1,0,3,0)
1114:(12,-1,1,1,0)
1115:(12,-1,1,2,0)
1116:(12,-1,1,3,0)
1117:(12,-1,2,1,0)
1118:(12,-1,2,2,0)
1119:(12,-1,2,3,0)
1120:(12,-1,3,1,0)
1121:(12,-1,3,2,0)
1122:(12,-1,3,3,0)
1123:(12,-1,4,1,0)
1124:(12,-1,4,2,0)
1125:(12,-1,4,3,0)
1126:(12,0,-1,1,0)
1127:(12,0,-1,2,0)
1128:(12,0,-1,3,0)
1129:(12,0,0,1,0)
1130:(12,0,0,2,0)
1131:(12,0,0,3,0)
1132:(12,0,1,1,0)
1133:(12,0,1,2,0)
1134:(12,0,1,3,0)
1135:(12,0,2,1,0)
1136:(12,0,2,2,0)
1137:(12,0,2,3,0)
1138:(12,0,3,1,0)
1139:(12,0,3,2,0)
1140:(12,0,3,3,0)
1141:(12,0,4,1,0)
1142:(12,0,4,2,0)
1143:(12,0,4,3,0)
1144:(12,1,-1,1,0)
1145:(12,1,-1,2,0)
1146:(12,1,-1,3,0)
1147:(12,1,0,1,0)
1148:(12,1,0,2,0)
1149:(12,1,0,3,0)
1150:(12,1,1,1,0)
1151:(12,1,1,2,0)
1152:(12,1,1,3,0)
1153:(12,1,2,1,0)
1154:(12,1,2,2,0)
1155:(12,1,2,3,0)
1156:(12,1,3,1,0)
1157:(12,1,3,2,0)
1158:(12,1,3,3,0)
1159:(12,1,4,1,0)
1160:(12,1,4,2,0)
1161:(12,1,4,3,0)
1162:(12,2,-1,1,0)
1163:(12,2,-1,2,0)
1164:(12,2,-1,3,0)
1165:(12,2,0,1,0)
1166:(12,2,0,2,0)
1167:(12,2,0,3,0)
1168:(12,2,1,1,0)
1169:(12,2,1,2,0)
1170:(12,2,1,3,0)
1171:(12,2,2,1,0)
1172:(12,2,2,2,0)
1173:(12,2,2,3,0)
1174:(12,2,3,1,0)
1175:(12,2,3,2,0)
1176:(12,2,3,3,0)
1177:(12,2,4,1,0)
1178:(12,2,4,2,0)
1179:(12,2,4,3,0)
1180:(12,3,-1,1,0)
1181:(12,3,-1,2,0)
1182:(12,3,-1,3,0)
1183:(12,3,0,1,0)
1184:(12,3,0,2,0)
1185:(12,3,0,3,0)
1186:(12,3,1,1,0)
1187:(12,3,1,2,0)
1188:(12,3,1,3,0)
1189:(12,3,2,1,0)
1190:(12,3,2,2,0)
1191:(12,3,2,3,0)
1192:(12,3,3,1,0)
1193:(12,3,3,2,0)
1194:(12,3,3,3,0)
1195:(12,3,4,1,0)
1196:(12,3,4,2,0)
1197:(12,3,4,3,0)
1198:(12,4,-1,1,0)
1199:(12,4,-1,2,0)
1200:(12,4,-1,3,0)
1201:(12,4,0,1,0)
1202:(12,4,0,2,0)
1203:(12,4,0,3,0)
1204:(12,4,1,1,0)
1205:(12,4,1,2,0)
1206:(12,4,1,3,0)
1207:(12,4,2,1,0)
1208:(12,4,2,2,0)
1209:(12,4,2,3,0)
1210:(12,4,3,1,0)
1211:(12,4,3,2,0)
1212:(12,4,3,3,0)
1213:(12,4,4,1,0)
1214:(12,4,4,2,0)
1215:(12,4,4,3,0)
1216:(12,5,-1,1,0)
1217:(12,5,-1,2,0)
1218:(12,5,-1,3,0)
1219:(12,5,0,1,0)
1220:(12,5,0,2,0)
1221:(12,5,0,3,0)
1222:(12,5,1,1,0)
1223:(12,5,1,2,0)
1224:(12,5,1,3,0)
1225:(12,5,2,1,0)
1226:(12,5,2,2,0)
1227:(12,5,2,3,0)
1228:(12,5,3,1,0)
1229:(12,5,3,2,0)
1230:(12,5,3,3,0)
1231:(12,5,4,1,0)
1232:(12,5,4,2,0)
1233:(12,5,4,3,0)
1234:(12,6,-1,1,0)
1235:(12,6,-1,2,0)
1236:(12,6,-1,3,0)
1237:(12,6,0,1,0)
1238:(12,6,0,2,0)
1239:(12,6,0,3,0)
1240:(12,6,1,1,0)
1241:(12,6,1,2,0)
1242:(12,6,1,3,0)
1243:(12,6,2,1,0)
1244:(12,6,2,2,0)
1245:(12,6,2,3,0)
1246:(12,6,3,1,0)
1247:(12,6,3,2,0)
1248:(12,6,3,3,0)
1249:(12,6,4,1,0)
1250:(12,6,4,2,0)
1251:(12,6,4,3,0)
1252:(12,7,-1,2,0)
1253:(12,7,-1,3,0)
1254:(12,7,0,2,0)
1255:(12,7,0,3,0)
1256:(12,7,1,2,0)
1257:(12,7,1,3,0)
1258:(12,7,2,2,0)
1259:(12,7,2,3,0)
1260:(12,7,3,2,0)
1261:(12,7,3,3,0)
1262:(12,7,4,2,0)
1263:(12,7,4,3,0)
1264:(12,8,-1,3,0)
1265:(12,8,0,3,0)
1266:(12,8,1,3,0)
1267:(12,8,2,3,0)
1268:(12,8,3,3,0)
1269:(12,8,4,3,0)
1270:(13,-2,-1,1,0)
1271:(13,-2,-1,2,0)
1272:(13,-2,-1,3,0)
1273:(13,-2,0,1,0)
1274:(13,-2,0,2,0)
1275:(13,-2,0,3,0)
1276:(13,-2,1,1,0)
1277:(13,-2,1,1,1)
1278:(13,-2,1,2,0)
1279:(13,-2,1,2,1)
1280:(13,-2,1,3,0)
1281:(13,-2,1,3,1)
1282:(13,-2,2,1,0)
1283:(13,-2,2,1,1)
1284:(13,-2,2,2,0)
1285:(13,-2,2,2,1)
1286:(13,-2,2,3,0)
1287:(13,-2,2,3,1)
1288:(13,-2,3,1,0)
1289:(13,-2,3,1,1)
1290:(13,-2,3,2,0)
1291:(13,-2,3,2,1)
1292:(13,-2,3,3,0)
1293:(13,-2,3,3,1)
1294:(13,-2,4,1,0)
1295:(13,-2,4,1,1)
1296:(13,-2,4,2,0)
1297:(13,-2,4,2,1)
1298:(13,-2,4,3,0)
1299:(13,-2,4,3,1)
1300:(13,-2,5,1,1)
1301:(13,-2,5,2,1)
1302:(13,-2,5,3,1)
1303:(13,-2,6,1,1)
1304:(13,-2,6,2,1)
1305:(13,-2,6,3,1)
1306:(13,-1,-1,1,0)
1307:(13,-1,-1,2,0)
1308:(13,-1,-1,3,0)
1309:(13,-1,0,0,0)
1310:(13,-1,0,1,0)
1311:(13,-1,0,2,0)
1312:(13,-1,0,3,0)
1313:(13,-1,1,1,0)
1314:(13,-1,1,1,1)
1315:(13,-1,1,2,0)
1316:(13,-1,1,2,1)
1317:(13,-1,1,3,0)
1318:(13,-1,1,3,1)
1319:(13,-1,2,0,1)
1320:(13,-1,2,1,0)
1321:(13,-1,2,1,1)
1322:(13,-1,2,2,0)
1323:(13,-1,2,2,1)
1324:(13,-1,2,3,0)
1325:(13,-1,2,3,1)
1326:(13,-1,3,1,0)
1327:(13,-1,3,1,1)
1328:(13,-1,3,2,0)
1329:(13,-1,3,2,1)
1330:(13,-1,3,3,0)
1331:(13,-1,3,3,1)
1332:(13,-1,4,1,0)
1333:(13,-1,4,1,1)
1334:(13,-1,4,2,0)
1335:(13,-1,4,2,1)
1336:(13,-1,4,3,0)
1337:(13,-1,4,3,1)
1338:(13,-1,5,1,1)
1339:(13,-1,5,2,1)
1340:(13,-1,5,3,1)
1341:(13,-1,6,1,1)
1342:(13,-1,6,2,1)
1343:(13,-1,6,3,1)
1344:(13,0,-1,1,0)
1345:(13,0,-1,2,0)
1346:(13,0,-1,3,0)
1347:(13,0,6,1,1)
1348:(13,0,6,2,1)
1349:(13,0,6,3,1)
1350:(13,1,-1,1,0)
1351:(13,1,-1,2,0)
1352:(13,1,-1,3,0)
1353:(13,1,6,1,1)
1354:(13,1,6,2,1)
1355:(13,1,6,3,1)
1356:(13,2,-1,1,0)
1357:(13,2,-1,2,0)
1358:(13,2,-1,3,0)
1359:(13,2,6,1,1)
1360:(13,2,6,2,1)
1361:(13,2,6,3,1)
1362:(13,3,-1,1,0)
1363:(13,3,-1,2,0)
1364:(13,3,-1,3,0)
1365:(13,3,6,1,1)
1366:(13,3,6,2,1)
1367:(13,3,6,3,1)
1368:(13,4,-1,1,0)
1369:(13,4,-1,2,0)
1370:(13,4,-1,3,0)
1371:(13,4,6,1,1)
1372:(13,4,6,2,1)
1373:(13,4,6,3,1)
1374:(13,5,-1,1,0)
1375:(13,5,-1,2,0)
1376:(13,5,-1,3,0)
1377:(13,5,6,1,1)
1378:(13,5,6,2,1)
1379:(13,5,6,3,1)
1380:(13,6,-1,1,0)
1381:(13,6,-1,2,0)
1382:(13,6,-1,3,0)
1383:(13,6,0,1,0)
1384:(13,6,0,2,0)
1385:(13,6,0,3,0)
1386:(13,6,1,1,0)
1387:(13,6,1,1,1)
1388:(13,6,1,2,0)
1389:(13,6,1,2,1)
1390:(13,6,1,3,0)
1391:(13,6,1,3,1)
1392:(13,6,2,1,0)
1393:(13,6,2,1,1)
1394:(13,6,2,2,0)
1395:(13,6,2,2,1)
1396:(13,6,2,3,0)
1397:(13,6,2,3,1)
1398:(13,6,3,1,0)
1399:(13,6,3,1,1)
1400:(13,6,3,2,0)
1401:(13,6,3,2,1)
1402:(13,6,3,3,0)
1403:(13,6,3,3,1)
1404:(13,6,4,1,0)
1405:(13,6,4,1,1)
1406:(13,6,4,2,0)
1407:(13,6,4,2,1)
1408:(13,6,4,3,0)
1409:(13,6,4,3,1)
1410:(13,6,5,1,1)
1411:(13,6,5,2,1)
1412:(13,6,5,3,1)
1413:(13,6,6,1,1)
1414:(13,6,6,2,1)
1415:(13,6,6,3,1)
1416:(13,7,-1,2,0)
1417:(13,7,-1,3,0)
1418:(13,7,0,2,0)
1419:(13,7,0,3,0)
1420:(13,7,1,2,0)
1421:(13,7,1,2,1)
1422:(13,7,1,3,0)
1423:(13,7,1,3,1)
1424:(13,7,2,2,0)
1425:(13,7,2,2,1)
1426:(13,7,2,3,0)
1427:(13,7,2,3,1)
1428:(13,7,3,2,0)
1429:(13,7,3,2,1)
1430:(13,7,3,3,0)
1431:(13,7,3,3,1)
1432:(13,7,4,2,0)
1433:(13,7,4,2,1)
1434:(13,7,4,3,0)
1435:(13,7,4,3,1)
1436:(13,7,5,2,1)
1437:(13,7,5,3,1)
1438:(13,7,6,2,1)
1439:(13,7,6,3,1)
1440:(13,8,-1,3,0)
1441:(13,8,0,3,0)
1442:(13,8,1,3,0)
1443:(13,8,1,3,1)
1444:(13,8,2,3,0)
1445:(13,8,2,3,1)
1446:(13,8,3,3,0)
1447:(13,8,3,3,1)
1448:(13,8,4,3,0)
1449:(13,8,4,3,1)
1450:(13,8,5,3,1)
1451:(13,8,6,3,1)
